      sentido_crescente  velocidade_Comercial  velocidade_Moto  \
0                     1              0.054939        -0.657735   
1                     0             -1.856451        -1.869117   
2                     1             -0.477425        -0.131858   
3                     1             -0.388624         0.538407   
4                     1             -0.549455         0.507579   
...                 ...                   ...              ...   
1345                  1              0.292489        -0.391363   
1346                  1              0.500186        -0.143970   
1347                  1              0.676793        -0.134159   
1348                  1              0.772383         0.105390   
1349                  1              0.657415        -0.298209   

      velocidade_Passeio  velocidade_Ônibus  volume_Comercial  volume_Moto  \
0               0.140735           0.305193         -0.040589    -0.566129   
1              -0.763258          -1.387824         -0.252654    -0.157972   
2              -0.073090          -0.133750         -0.990230    -0.506714   
3               0.191508           0.053202         -0.618419    -0.542234   
4               0.316978          -0.141123          0.344243    -0.236116   
...                  ...                ...               ...          ...   
1345           -0.087364           0.578289         -0.889081    -0.582921   
1346            0.441519           0.619316          0.213330    -0.565484   
1347            0.602227           0.577625         -0.308693    -0.571296   
1348            0.639463           0.554864         -0.472392    -0.591962   
1349            0.507358           0.076825         -1.171601    -0.597774   

      volume_Passeio  volume_Ônibus  chuva  iluminacao  \
0          -0.736030      -0.174243      0           0   
1          -0.711049      -0.718982      1           0   
2          -0.849809      -0.590474      0           0   
3          -0.584539      -0.823608      1           0   
4           0.135525      -0.430123      1           0   
...              ...            ...    ...         ...   
1345       -0.745479      -0.500632      1           0   
1346       -0.712090      -0.093499      1           0   
1347       -0.557155      -0.265223      1           0   
1348       -0.527530      -0.272046      1           0   
1349       -0.865743      -0.626866      1           0   

      dia_da_semana_Final_de_Semana  tipo_faixa_Terceira_faixa  \
0                                 0                          0   
1                                 0                          1   
2                                 0                          0   
3                                 0                          1   
4                                 0                          1   
...                             ...                        ...   
1345                              1                          0   
1346                              1                          0   
1347                              1                          0   
1348                              1                          0   
1349                              1                          0   

      tipo_perfil_de_terreno_Perfil_Ondulado  \
0                                          1   
1                                          0   
2                                          1   
3                                          0   
4                                          0   
...                                      ...   
1345                                       0   
1346                                       0   
1347                                       0   
1348                                       0   
1349                                       0   

      tipo_perfil_de_terreno_Perfil_Plano  
0                                       0  
1                                       0  
2                                       0  
3                                       1  
4                                       1  
...                                   ...  
1345                                    1  
1346                                    1  
1347                                    1  
1348                                    1  
1349                                    1  

[1350 rows x 15 columns]